---------- Training ----------

0011
0025
0370
0403
0493
0017
0079
0285
0557
0710
0078
0109
0124
0240
0278
0299
0319
0326
0361
0392
0536
0581
0642
0677
0737
0916
0959
1001
1040
1045
1057
1077
1105
1124
1138
1169
0147
0747
1058
0406
0390
0504
0517
0534
0570
0572
0646
0740
0750
0770
0823
0853
0877
0893
0957
0979
1024
1036
1041
1114
1131
---------- Validation ----------

1068
1078
0051
1032
0008
0034
1033
1034
1147
0064
0099

---------- Testing ---------- 

1094
1170
0407
1051
0060
0066
1065
1142
1133
0317
0318



